# Migration is number of nodes that have changed color.

Round		Edge-Cut		Swaps		Migrations		Skipped
0		9089		4595		3287
1		8481		8861		3362
2		7988		12781		3428
3		7474		16236		3438
4		6864		19248		3413
5		6222		21644		3430
6		5689		23637		3464
7		5094		25280		3441
8		4658		26558		3426
9		4342		27662		3393
10		4079		28573		3404
11		3822		29351		3423
12		3589		29970		3412
13		3449		30530		3404
14		3330		31045		3411
15		3237		31445		3396
16		3135		31797		3416
17		3052		32120		3393
18		2995		32397		3403
19		2919		32662		3406
20		2906		32897		3409
21		2872		33170		3398
22		2840		33407		3402
23		2794		33660		3398
24		2736		33911		3401
25		2713		34141		3413
26		2688		34324		3413
27		2683		34507		3412
28		2655		34693		3403
29		2631		34885		3416
30		2626		35070		3421
31		2581		35262		3426
32		2557		35412		3421
33		2541		35586		3421
34		2539		35751		3421
35		2513		35883		3418
36		2512		36010		3414
37		2497		36144		3423
38		2476		36257		3413
39		2454		36387		3418
40		2445		36516		3412
41		2432		36638		3411
42		2417		36745		3402
43		2403		36826		3408
44		2394		36929		3402
45		2376		37033		3411
46		2352		37142		3397
47		2330		37231		3403
48		2319		37307		3414
49		2314		37393		3411
50		2300		37468		3415
51		2300		37528		3412
52		2289		37596		3417
53		2281		37667		3410
54		2280		37748		3409
55		2279		37844		3416
56		2275		37948		3413
57		2255		38015		3415
58		2259		38090		3412
59		2259		38177		3421
60		2254		38249		3426
61		2233		38321		3422
62		2224		38413		3415
63		2217		38499		3414
64		2215		38566		3420
65		2214		38623		3419
66		2204		38689		3412
67		2198		38765		3409
68		2184		38857		3410
69		2181		38926		3406
70		2170		39006		3403
71		2164		39091		3395
72		2149		39161		3394
73		2142		39246		3405
74		2148		39312		3408
75		2144		39387		3402
76		2123		39462		3403
77		2110		39536		3399
78		2119		39609		3401
79		2118		39686		3403
80		2118		39759		3400
81		2119		39843		3407
82		2107		39909		3409
83		2090		39974		3404
84		2089		40044		3415
85		2093		40117		3406
86		2092		40200		3418
87		2090		40291		3417
88		2087		40381		3418
89		2077		40450		3410
90		2071		40531		3409
91		2050		40599		3414
92		2048		40647		3410
93		2047		40706		3414
94		2048		40771		3409
95		2035		40824		3408
96		2022		40876		3411
97		2028		40923		3418
98		2030		40987		3409
99		2018		41043		3408
100		2025		41097		3411
101		2009		41158		3413
102		2009		41222		3407
103		2002		41277		3410
104		1998		41330		3406
105		1993		41380		3406
106		1994		41411		3402
107		1990		41452		3410
108		1970		41502		3420
109		1971		41539		3422
110		1970		41584		3425
111		1970		41613		3419
112		1962		41643		3420
113		1964		41668		3419
114		1965		41715		3419
115		1955		41753		3432
116		1950		41785		3421
117		1947		41807		3422
118		1947		41831		3426
119		1958		41862		3419
120		1957		41895		3416
121		1950		41931		3419
122		1951		41955		3420
123		1952		41992		3419
124		1947		42043		3419
125		1947		42074		3424
126		1941		42103		3420
127		1944		42140		3421
128		1948		42170		3422
129		1945		42189		3429
130		1938		42215		3423
131		1936		42242		3421
132		1928		42268		3422
133		1929		42298		3422
134		1928		42321		3418
135		1923		42343		3421
136		1916		42378		3422
137		1911		42402		3424
138		1908		42425		3418
139		1902		42441		3422
140		1897		42461		3420
141		1893		42471		3421
142		1897		42480		3422
143		1894		42490		3419
144		1886		42501		3421
145		1883		42506		3422
146		1881		42509		3420
147		1883		42517		3420
148		1882		42524		3420
149		1882		42533		3421
150		1880		42540		3423
151		1881		42551		3419
152		1882		42558		3422
153		1882		42565		3420
154		1881		42571		3419
155		1880		42579		3422
156		1875		42588		3418
157		1876		42599		3420
158		1879		42606		3417
159		1874		42616		3418
160		1875		42617		3420
161		1878		42623		3419
162		1873		42632		3421
163		1875		42638		3421
164		1876		42649		3421
165		1871		42659		3420
166		1871		42665		3419
167		1872		42672		3418
168		1870		42677		3420
169		1872		42680		3416
170		1870		42688		3419
171		1870		42694		3417
172		1869		42698		3419
173		1868		42703		3418
174		1868		42707		3418
175		1870		42713		3417
176		1872		42716		3415
177		1870		42720		3421
178		1867		42725		3418
179		1864		42728		3420
180		1864		42730		3420
181		1865		42733		3418
182		1867		42740		3418
183		1864		42746		3418
184		1866		42755		3416
185		1862		42758		3419
186		1863		42761		3417
187		1863		42763		3417
188		1864		42770		3418
189		1862		42775		3416
190		1858		42778		3416
191		1859		42781		3416
192		1861		42785		3416
193		1863		42792		3417
194		1862		42799		3416
195		1861		42806		3414
196		1862		42811		3415
197		1863		42815		3415
198		1862		42830		3416
199		1862		42835		3417
200		1863		42840		3418
201		1865		42843		3416
202		1865		42852		3415
203		1864		42855		3416
204		1861		42860		3418
205		1861		42862		3418
206		1861		42863		3416
207		1861		42864		3416
208		1862		42866		3418
209		1862		42866		3418
210		1860		42869		3416
211		1860		42870		3417
212		1860		42873		3417
213		1860		42875		3417
214		1862		42884		3417
215		1861		42889		3415
216		1858		42890		3416
217		1858		42890		3416
218		1858		42890		3416
219		1858		42890		3416
220		1858		42890		3416
221		1858		42890		3416
222		1858		42890		3416
223		1857		42891		3417
224		1857		42891		3417
225		1856		42892		3415
226		1856		42892		3415
227		1856		42892		3415
228		1856		42892		3415
229		2417		43797		3431
230		2737		44878		3436
231		2916		45861		3438
232		2894		46743		3453
233		2792		47555		3443
234		2651		48265		3442
235		2525		48835		3444
236		2415		49346		3423
237		2354		49763		3426
238		2252		50097		3433
239		2204		50405		3407
240		2150		50710		3423
241		2140		50936		3417
242		2071		51138		3425
243		2053		51340		3436
244		2035		51539		3431
245		2010		51697		3431
246		1979		51894		3424
247		1976		52051		3433
248		1961		52190		3435
249		1947		52333		3426
250		1931		52454		3427
251		1935		52568		3420
252		1920		52725		3429
253		1919		52875		3423
254		1903		53030		3421
255		1877		53135		3417
256		1870		53263		3432
257		1847		53361		3428
258		1842		53440		3434
259		1828		53530		3436
260		1829		53610		3433
261		1806		53677		3428
262		1802		53782		3440
263		1796		53858		3432
264		1788		53942		3437
265		1790		54013		3434
266		1775		54088		3430
267		1768		54151		3437
268		1763		54214		3436
269		1752		54272		3438
270		1751		54334		3436
271		1750		54392		3436
272		1756		54462		3440
273		1741		54518		3444
274		1728		54561		3437
275		1734		54602		3440
276		1726		54645		3440
277		1723		54690		3440
278		1719		54728		3433
279		1717		54771		3435
280		1708		54800		3433
281		1697		54827		3431
282		1701		54848		3432
283		1696		54877		3427
284		1692		54885		3431
285		1697		54906		3432
286		1688		54916		3430
287		1687		54929		3433
288		1688		54942		3434
289		1687		54960		3435
290		1687		54974		3436
291		1679		54988		3435
292		1682		55006		3436
293		1678		55021		3434
294		1679		55038		3433
295		1679		55048		3434
296		1678		55065		3433
297		1671		55075		3433
298		1671		55083		3435
299		1669		55086		3435
300		1672		55096		3430
301		1670		55101		3432
302		1668		55104		3433
303		1666		55113		3433
304		1664		55116		3435
305		1661		55121		3435
306		1661		55121		3435
307		1661		55121		3435
308		1658		55123		3435
309		1658		55123		3435
310		1658		55123		3435
311		1658		55123		3435
312		1658		55123		3435
313		1658		55123		3435
314		1658		55123		3435
315		1658		55123		3435
316		1658		55123		3435
317		1658		55123		3435
318		2142		55895		3440
319		2331		56676		3447
320		2424		57471		3462
321		2450		58203		3421
322		2388		58884		3419
323		2275		59465		3440
324		2181		59898		3449
325		2120		60301		3439
326		2040		60635		3465
327		1976		60928		3459
328		1927		61186		3458
329		1913		61435		3467
330		1848		61604		3469
331		1840		61799		3454
332		1799		61990		3445
333		1776		62149		3453
334		1755		62310		3452
335		1738		62446		3468
336		1717		62578		3461
337		1695		62714		3462
338		1680		62823		3457
339		1661		62934		3463
340		1664		63035		3455
341		1652		63125		3463
342		1636		63214		3460
343		1640		63290		3450
344		1634		63380		3453
345		1642		63464		3459
346		1635		63543		3456
347		1633		63623		3446
348		1633		63714		3456
349		1632		63801		3453
350		1623		63879		3450
351		1608		63945		3446
352		1608		64008		3443
353		1603		64074		3454
354		1599		64127		3454
355		1593		64189		3453
356		1592		64257		3445
357		1582		64343		3453
358		1575		64398		3450
359		1573		64459		3447
360		1567		64510		3453
361		1561		64555		3461
362		1562		64603		3453
363		1553		64657		3455
364		1549		64686		3452
365		1542		64716		3451
366		1538		64754		3453
367		1538		64804		3457
368		1534		64850		3460
369		1529		64882		3453
370		1527		64915		3458
371		1528		64950		3457
372		1521		64979		3453
373		1515		65003		3457
374		1515		65021		3457
375		1513		65047		3458
376		1510		65055		3455
377		1504		65071		3457
378		1509		65098		3455
379		1509		65117		3453
380		1513		65153		3454
381		1512		65174		3458
382		1510		65208		3460
383		1495		65228		3458
384		1495		65239		3460
385		1492		65248		3456
386		1493		65255		3455
387		1490		65276		3457
388		1491		65286		3455
389		1488		65299		3455
390		1489		65306		3458
391		1483		65315		3458
392		1485		65321		3458
393		1482		65326		3457
394		1483		65330		3456
395		1482		65337		3456
396		1483		65341		3454
397		1484		65348		3454
398		1484		65350		3456
399		1483		65353		3455
400		1481		65356		3455
401		1481		65358		3455
402		1479		65360		3457
403		1479		65364		3457
404		1480		65369		3458
405		1479		65372		3459
406		1480		65378		3460
407		1480		65381		3458
408		1479		65384		3459
409		1480		65387		3458
410		1480		65392		3458
411		1481		65398		3458
412		1480		65405		3460
413		1478		65407		3460
414		1479		65410		3459
415		1478		65411		3460
416		1479		65412		3459
417		1478		65413		3460
418		1478		65414		3459
419		1477		65415		3460
420		1477		65415		3460
421		1477		65415		3460
422		1477		65415		3460
423		1477		65415		3460
424		1477		65415		3460
425		1477		65415		3460
426		1477		65415		3460
427		1477		65415		3460
428		1477		65415		3460
429		1477		65415		3460
430		1477		65415		3460
431		1955		66096		3449
432		2143		66809		3471
433		2227		67542		3479
434		2187		68216		3474
435		2113		68784		3450
436		2054		69275		3487
437		1999		69685		3462
438		1951		70061		3468
439		1913		70393		3464
440		1859		70670		3477
441		1813		70909		3450
442		1785		71133		3459
443		1735		71346		3463
444		1701		71508		3465
445		1686		71673		3462
446		1661		71821		3452
447		1619		71967		3463
448		1617		72103		3471
449		1617		72245		3469
450		1613		72363		3470
451		1584		72462		3462
452		1572		72577		3472
453		1577		72678		3463
454		1552		72814		3471
455		1539		72904		3470
456		1529		72969		3463
457		1518		73040		3462
458		1510		73121		3461
459		1511		73185		3461
460		1505		73248		3460
461		1505		73334		3461
462		1498		73388		3464
463		1495		73462		3462
464		1488		73529		3463
465		1487		73613		3460
466		1477		73677		3460
467		1469		73746		3456
468		1468		73824		3460
469		1472		73926		3452
470		1473		74006		3457
471		1475		74078		3462
472		1466		74160		3456
473		1452		74232		3460
474		1439		74271		3461
475		1431		74313		3461
476		1418		74341		3463
477		1407		74365		3461
478		1416		74399		3459
479		1413		74434		3463
480		1410		74455		3462
481		1393		74492		3468
482		1386		74512		3465
483		1391		74543		3466
484		1384		74567		3464
485		1382		74593		3459
486		1377		74611		3458
487		1375		74629		3459
488		1379		74656		3459
489		1377		74676		3461
490		1378		74700		3465
491		1377		74727		3465
492		1376		74773		3463
493		1372		74800		3463
494		1373		74820		3464
495		1364		74837		3464
496		1367		74853		3460
497		1367		74875		3460
498		1357		74897		3460
499		1356		74908		3464
500		1356		74923		3462
501		1358		74933		3461
502		1357		74942		3461
503		1356		74950		3460
504		1350		74959		3462
505		1348		74967		3463
506		1352		74976		3464
507		1354		74994		3464
508		1352		75008		3465
509		1354		75023		3465
510		1357		75036		3468
511		1355		75053		3463
512		1354		75065		3461
513		1352		75077		3463
514		1352		75087		3463
515		1347		75099		3464
516		1349		75104		3466
517		1351		75116		3466
518		1349		75127		3467
519		1345		75136		3463
520		1343		75143		3463
521		1345		75155		3462
522		1347		75168		3462
523		1346		75177		3462
524		1337		75187		3465
525		1338		75188		3466
526		1336		75190		3465
527		1338		75195		3465
528		1339		75196		3465
529		1339		75202		3466
530		1343		75213		3465
531		1341		75223		3467
532		1341		75229		3467
533		1339		75234		3466
534		1338		75239		3467
535		1341		75242		3467
536		1341		75255		3466
537		1340		75259		3466
538		1344		75268		3468
539		1343		75277		3466
540		1346		75286		3467
541		1348		75294		3467
542		1345		75302		3466
543		1345		75311		3465
544		1344		75316		3464
545		1345		75320		3463
546		1342		75324		3465
547		1337		75327		3464
548		1341		75336		3464
549		1336		75357		3464
550		1334		75361		3466
551		1333		75366		3464
552		1334		75368		3465
553		1340		75398		3465
554		1335		75410		3465
555		1335		75413		3466
556		1336		75417		3464
557		1336		75424		3464
558		1336		75429		3465
559		1337		75433		3466
560		1335		75443		3468
561		1332		75448		3469
562		1333		75449		3469
563		1333		75450		3469
564		1333		75451		3467
565		1332		75452		3468
566		1332		75454		3468
567		1333		75457		3469
568		1331		75461		3467
569		1331		75463		3467
570		1331		75463		3467
571		1331		75463		3467
572		1331		75464		3469
573		1331		75465		3468
574		1331		75467		3468
575		1331		75468		3468
576		1331		75470		3468
577		1331		75473		3467
578		1331		75473		3467
579		1331		75474		3469
580		1331		75475		3468
581		1331		75477		3467
582		1331		75479		3467
583		1331		75481		3468
584		1331		75483		3468
585		1331		75484		3468
586		1329		75485		3467
587		1329		75485		3467
588		1329		75485		3467
589		1329		75485		3467
590		1328		75486		3467
591		1328		75486		3467
592		1328		75486		3467
593		1328		75486		3467
594		1328		75486		3467
595		1328		75486		3467
596		1662		76002		3461
597		1834		76560		3480
598		1924		77151		3490
599		1908		77685		3478
600		1865		78136		3469
601		1809		78512		3456
602		1789		78869		3452
603		1745		79193		3472
604		1696		79493		3472
605		1661		79747		3456
606		1634		79943		3461
607		1599		80142		3474
608		1592		80338		3468
609		1538		80536		3465
610		1512		80682		3466
611		1486		80811		3479
612		1477		80915		3458
613		1476		81034		3466
614		1466		81167		3473
615		1437		81262		3476
616		1427		81338		3470
617		1423		81414		3470
618		1415		81484		3469
619		1412		81549		3461
620		1406		81611		3469
621		1415		81696		3472
622		1409		81798		3466
623		1400		81878		3470
624		1392		81945		3455
625		1398		82011		3466
626		1392		82085		3466
627		1396		82141		3473
628		1393		82222		3468
629		1397		82294		3468
630		1389		82378		3469
631		1388		82457		3479
632		1391		82546		3484
633		1397		82625		3482
634		1380		82716		3482
635		1362		82784		3485
636		1362		82866		3485
637		1367		82942		3488
638		1357		83023		3477
639		1345		83101		3470
640		1344		83153		3471
641		1327		83210		3477
642		1327		83261		3476
643		1327		83304		3479
644		1322		83353		3480
645		1329		83400		3471
646		1324		83447		3475
647		1310		83481		3469
648		1307		83509		3468
649		1292		83540		3470
650		1291		83566		3475
651		1290		83581		3473
652		1291		83597		3472
653		1291		83624		3466
654		1282		83646		3472
655		1282		83663		3467
656		1286		83682		3467
657		1283		83696		3468
658		1278		83707		3470
659		1276		83720		3468
660		1276		83729		3466
661		1275		83739		3465
662		1274		83750		3465
663		1276		83756		3465
664		1271		83773		3465
665		1264		83786		3467
666		1259		83790		3468
667		1260		83792		3468
668		1259		83795		3468
669		1259		83798		3468
670		1257		83800		3467
671		1257		83802		3467
672		1257		83805		3468
673		1256		83806		3467
674		1258		83810		3468
675		1255		83824		3469
676		1255		83828		3469
677		1256		83833		3472
678		1256		83841		3471
679		1255		83846		3471
680		1255		83853		3470
681		1253		83854		3471
682		1254		83855		3471
683		1253		83856		3471
684		1251		83859		3471
685		1251		83861		3471
686		1250		83862		3471
687		1250		83862		3471
688		1251		83863		3471
689		1250		83864		3471
690		1251		83865		3471
691		1250		83866		3471
692		1251		83867		3471
693		1250		83868		3472
694		1250		83868		3472
695		1250		83868		3472
696		1250		83868		3472
697		1250		83868		3472
698		1250		83868		3472
699		1250		83868		3472
700		1250		83868		3472
701		1250		83868		3472
702		1250		83868		3472
703		1250		83868		3472
704		1566		84311		3487
705		1663		84784		3474
706		1706		85270		3470
707		1721		85739		3474
708		1705		86128		3465
709		1698		86490		3467
710		1680		86834		3483
711		1625		87112		3469
712		1595		87366		3480
713		1558		87589		3463
714		1545		87771		3477
715		1527		87967		3451
716		1509		88164		3458
717		1511		88368		3466
718		1475		88539		3470
719		1459		88678		3466
720		1444		88794		3471
721		1424		88896		3469
722		1426		89021		3478
723		1425		89123		3478
724		1413		89254		3468
725		1403		89360		3468
726		1399		89466		3471
727		1401		89589		3472
728		1408		89700		3472
729		1404		89816		3465
730		1393		89938		3462
731		1398		90064		3461
732		1398		90195		3459
733		1380		90315		3465
734		1368		90408		3474
735		1362		90493		3480
736		1363		90561		3478
737		1341		90641		3478
738		1346		90704		3472
739		1336		90779		3471
740		1337		90879		3473
741		1319		90954		3475
742		1313		91036		3468
743		1309		91106		3464
744		1310		91162		3463
745		1302		91252		3475
746		1308		91321		3465
747		1287		91367		3475
748		1281		91423		3472
749		1275		91455		3478
750		1276		91488		3470
751		1265		91517		3470
752		1256		91545		3470
753		1248		91566		3468
754		1256		91590		3469
755		1254		91618		3469
756		1253		91639		3472
757		1246		91661		3469
758		1247		91685		3469
759		1246		91701		3473
760		1244		91721		3468
761		1239		91735		3468
762		1242		91758		3468
763		1243		91784		3466
764		1240		91803		3468
765		1234		91814		3469
766		1229		91830		3468
767		1230		91835		3467
768		1226		91841		3467
769		1228		91846		3466
770		1218		91852		3466
771		1218		91853		3465
772		1217		91855		3466
773		1219		91864		3463
774		1217		91875		3462
775		1213		91881		3462
776		1211		91882		3462
777		1211		91882		3462
778		1209		91883		3463
779		1209		91883		3463
780		1209		91883		3463
781		1209		91883		3463
782		1209		91883		3463
783		1209		91883		3463
784		1209		91883		3463
785		1209		91883		3463
786		1209		91883		3463
787		1209		91883		3463
788		1209		91883		3463
789		1464		92314		3460
790		1581		92735		3481
791		1654		93176		3475
792		1718		93579		3475
793		1685		93950		3458
794		1613		94255		3460
795		1573		94535		3474
796		1549		94812		3469
797		1541		95066		3474
798		1511		95278		3473
799		1487		95514		3485
800		1466		95692		3476
801		1446		95849		3479
802		1421		95990		3473
803		1402		96149		3473
804		1384		96303		3486
805		1378		96453		3490
806		1364		96555		3488
807		1358		96675		3475
808		1361		96795		3480
809		1351		96912		3472
810		1330		97051		3476
811		1305		97167		3468
812		1302		97280		3477
813		1290		97358		3463
814		1278		97426		3466
815		1270		97487		3466
816		1266		97578		3464
817		1264		97657		3464
818		1265		97736		3472
819		1253		97805		3472
820		1242		97869		3477
821		1233		97906		3477
822		1237		97949		3473
823		1227		98018		3467
824		1213		98055		3474
825		1207		98099		3471
826		1207		98151		3467
827		1202		98177		3475
828		1204		98213		3473
829		1202		98238		3470
830		1200		98270		3473
831		1196		98307		3475
832		1201		98339		3475
833		1201		98381		3472
834		1197		98419		3472
835		1187		98439		3469
836		1183		98466		3472
837		1194		98502		3466
838		1189		98537		3470
839		1195		98561		3475
840		1203		98596		3466
841		1206		98636		3468
842		1199		98680		3472
843		1192		98716		3472
844		1185		98742		3473
845		1175		98779		3472
846		1178		98804		3474
847		1168		98837		3471
848		1168		98855		3471
849		1170		98868		3467
850		1166		98887		3467
851		1162		98902		3469
852		1166		98926		3471
853		1163		98937		3471
854		1163		98948		3469
855		1162		98976		3471
856		1159		98988		3469
857		1156		98999		3469
858		1156		99011		3468
859		1154		99016		3467
860		1152		99024		3468
861		1154		99039		3466
862		1154		99044		3468
863		1154		99053		3469
864		1154		99059		3467
865		1151		99070		3466
866		1151		99072		3466
867		1151		99075		3466
868		1152		99080		3465
869		1149		99087		3463
870		1150		99093		3466
871		1149		99096		3464
872		1148		99099		3466
873		1149		99102		3467
874		1150		99106		3467
875		1148		99109		3465
876		1145		99111		3464
877		1143		99114		3464
878		1143		99116		3464
879		1143		99118		3464
880		1143		99120		3464
881		1143		99122		3464
882		1141		99124		3464
883		1142		99125		3464
884		1141		99126		3464
885		1142		99127		3464
886		1141		99128		3464
887		1142		99131		3465
888		1142		99131		3465
889		1140		99132		3466
890		1140		99132		3466
891		1140		99132		3466
892		1140		99132		3466
893		1140		99132		3466
894		1140		99132		3466
895		1140		99132		3466
896		1140		99132		3466
897		1140		99132		3466
898		1140		99132		3466
899		1140		99132		3466
900		1439		99536		3471
901		1601		100012		3484
902		1679		100506		3483
903		1650		101047		3488
904		1596		101474		3493
905		1563		101809		3504
906		1507		102087		3500
907		1486		102312		3493
908		1440		102563		3487
909		1423		102790		3495
910		1404		102989		3480
911		1383		103206		3491
912		1360		103393		3497
913		1341		103536		3487
914		1318		103666		3485
915		1300		103778		3496
916		1286		103866		3497
917		1285		103967		3486
918		1258		104060		3490
919		1265		104138		3480
920		1260		104212		3490
921		1261		104307		3484
922		1249		104407		3490
923		1248		104505		3484
924		1240		104585		3490
925		1238		104659		3485
926		1239		104743		3485
927		1237		104816		3490
928		1221		104903		3491
929		1216		104972		3496
930		1200		105037		3497
931		1196		105077		3496
932		1180		105107		3488
933		1176		105134		3490
934		1181		105175		3488
935		1180		105210		3490
936		1182		105239		3491
937		1174		105264		3493
938		1172		105288		3486
939		1161		105319		3489
940		1156		105340		3485
941		1159		105358		3485
942		1156		105377		3487
943		1151		105401		3490
944		1149		105421		3488
945		1146		105438		3491
946		1143		105448		3489
947		1143		105464		3492
948		1149		105489		3489
949		1143		105497		3484
950		1143		105502		3485
951		1137		105513		3486
952		1135		105524		3486
953		1136		105532		3485
954		1137		105542		3485
955		1130		105555		3487
956		1130		105558		3487
957		1130		105560		3488
958		1130		105563		3490
959		1131		105571		3491
960		1132		105583		3494
961		1132		105593		3493
962		1133		105603		3488
963		1135		105612		3492
964		1137		105627		3493
965		1134		105643		3495
966		1134		105656		3493
967		1135		105668		3491
968		1134		105678		3490
969		1129		105688		3489
970		1124		105699		3489
971		1124		105703		3487
972		1125		105709		3489
973		1123		105715		3489
974		1123		105718		3489
975		1122		105722		3490
976		1124		105728		3492
977		1123		105731		3492
978		1124		105739		3490
979		1124		105742		3492
980		1120		105748		3491
981		1118		105751		3492
982		1118		105755		3490
983		1118		105756		3491
984		1118		105757		3492
985		1118		105759		3490
986		1118		105760		3490
987		1114		105765		3490
988		1114		105765		3490
989		1114		105765		3490
990		1114		105765		3490
991		1114		105765		3490
992		1114		105765		3490
993		1114		105765		3490
994		1114		105765		3490
995		1114		105765		3490
996		1114		105765		3490
997		1114		105765		3490
998		1115		105766		3490
999		1115		105766		3490
